Vertex Locations:
544,464
539,395
336,391
195,387
150,389
150,346
150,288
148,221
148,160
149,98
172,80
196,114
335,119
371,39
465,110
538,259
627,347
625,427
689,508
782,512
625,190
591,112
539,112
637,110
693,110
737,108
577,188
526,474
420,119
463,153
538,155
579,344
779,466
657,469
689,511
780,512
374,39
320,104
258,39
526,474
527,476
543,464
779,463
674,462
674,507
782,511
653,443
606,470
522,432
214,428
192,444
222,454
192,399
191,296
191,190
217,98
201,86
151,85
135,96
267,37
323,97
375,40
423,96
452,85
550,86
664,94
444,419
527,473
545,464
779,462
676,460
677,499
777,510
631,415
531,421
225,410
258,37
320,112
377,37
627,160
224,155
419,369
561,371
706,421
703,311
705,207
701,108
650,115
520,117
551,190
411,189
163,124
190,74
165,222
165,313
163,414
163,508
340,446
217,106
411,133
connections:
1,2
1,18
1,17
1,28
1,19
2,3
2,16
3,4
5,4
6,4
7,4
8,4
9,4
10,4
12,4
12,11
12,10
12,9
12,8
12,7
12,6
12,5
12,13
3,13
14,13
15,13
14,29
15,29
30,29
30,31
15,23
22,23
22,24
25,24
25,26
27,22
27,24
27,25
27,21
27,31
29,13
16,31
16,27
32,27
32,16
32,17
32,18
19,20
2,17
2,18
