Vertex Locations:
544,464
539,395
336,391
195,387
150,389
150,346
150,288
148,221
148,160
149,98
172,80
196,114
335,119
371,39
465,110
538,259
627,347
625,427
689,508
782,512
625,190
591,112
539,112
637,110
693,110
737,108
577,188
526,474
420,119
463,153
538,155
579,344
779,466
657,469
689,511
780,512
374,39
320,104
258,39
526,474
527,476
543,464
779,463
674,462
674,507
782,511
653,443
606,470
522,432
214,428
192,444
222,454
192,399
191,296
191,190
217,98
201,86
151,85
135,96
267,37
323,97
375,40
423,96
452,85
550,86
664,94
444,419
527,473
545,464
779,462
676,460
677,499
777,510
631,415
531,421
225,410
258,37
320,112
377,37
627,160
224,155
419,369
561,371
706,421
703,311
705,207
701,108
650,115
520,117
551,190
411,189
163,124
190,74
165,222
165,313
163,414
163,508
340,446
217,106
411,133
777,467
675,461
676,501
779,511
525,475
545,465
609,376
590,442
508,397
489,321
256,418
263,36
319,102
376,38
216,102
147,106
156,84
connections:
1,2
1,18
1,17
1,28
1,19
2,3
2,16
3,4
5,4
6,4
7,4
8,4
9,4
10,4
12,4
12,11
12,10
12,9
12,8
12,7
12,6
12,5
12,13
3,13
14,13
15,13
14,29
15,29
30,29
30,31
15,23
22,23
22,24
25,24
25,26
27,22
27,24
27,25
27,21
27,31
29,13
16,31
16,27
32,27
32,16
32,17
32,18
19,20
33,34
35,34
35,36
37,38
39,38
43,44
45,44
45,46
44,47
41,42
49,42
48,42
48,47
48,44
48,45
42,45
48,49
67,49
67,50
49,50
52,50
51,50
53,50
54,50
55,50
56,50
56,57
56,58
56,59
56,60
56,61
60,61
62,61
63,61
63,62
63,64
63,65
63,66
49,47
56,55
56,54
56,53
68,69
75,69
75,76
75,83
75,82
76,81
80,81
80,74
76,74
70,71
72,71
72,73
69,71
69,72
69,74
71,74
84,74
85,74
86,74
87,74
88,74
76,97
76,96
76,95
76,94
76,92
76,93
76,82
76,83
71,84
71,85
71,86
71,87
71,88
72,74
74,83
74,82
80,84
80,85
80,86
80,87
76,98
75,98
75,74
81,97
81,96
81,95
81,94
81,92
81,93
77,99
93,99
92,99
81,99
77,81
77,78
79,78
79,100
91,100
89,100
90,100
80,88
78,100
88,100
80,100
80,89
80,90
80,91
81,91
81,100
81,78
99,78
91,78
101,102
103,102
103,104
105,106
107,106
109,106
103,106
102,106
102,108
103,108
107,108
109,108
109,110
109,111
112,113
114,113
115,113
112,115
116,115
117,115
14,39
20,33
37,60
36,43
62,77
46,70
28,40
40,41
73,101
79,112
41,68
68,105
2,17
2,18
