Vertex Locations:
544,464
543,397
338,393
188,389
147,390
149,347
148,286
146,218
147,157
148,98
172,79
186,122
340,122
369,36
463,107
537,251
729,345
730,427
691,509
818,509
729,190
591,114
539,109
634,109
692,109
737,110
671,194
525,476
417,114
460,152
542,159
671,346
812,464
657,464
692,508
814,510
371,38
322,103
259,39
525,475
526,475
548,465
805,465
670,465
671,510
802,514
649,441
606,470
526,431
213,429
189,444
222,454
190,398
191,295
190,191
217,97
200,83
148,83
136,95
265,36
321,97
377,37
420,95
450,85
551,85
664,95
446,416
525,474
546,465
811,462
676,463
674,500
805,511
630,414
531,416
231,408
258,37
320,112
377,36
642,156
238,155
416,369
558,370
701,418
702,311
703,207
698,107
650,116
520,116
553,190
411,188
164,122
187,73
166,222
164,314
163,411
164,506
343,440
222,110
409,138
810,465
677,460
677,498
804,511
526,475
546,463
607,378
589,441
516,413
483,319
252,419
262,36
319,101
372,37
214,104
145,106
157,83
527,475
549,462
810,466
676,462
677,505
810,510
262,37
320,111
376,39
700,405
702,254
672,97
181,80
169,131
168,221
169,319
171,411
170,460
283,457
285,253
648,411
649,137
239,130
236,409
522,418
414,127
526,475
545,462
809,463
677,458
673,495
801,510
262,39
320,107
374,40
232,97
199,79
153,78
141,94
443,107
560,105
686,105
696,124
222,404
225,231
341,440
768,370
609,422
391,134
664,134
387,351
670,356
528,426
671,404
307,228
266,111
526,475
546,464
810,468
680,463
679,504
806,514
265,36
320,114
374,39
693,420
693,303
693,192
691,98
664,99
478,101
191,81
174,135
174,214
175,303
176,393
175,480
262,301
261,214
607,213
606,301
607,333
233,120
234,421
647,425
646,130
531,427
422,121
527,475
549,462
809,465
677,465
675,504
809,510
263,36
321,125
378,39
678,409
678,316
678,224
679,134
662,107
539,109
194,79
178,137
178,218
179,312
180,407
176,497
281,455
406,359
562,359
558,175
406,174
249,126
244,386
620,396
628,145
529,399
434,136
527,475
548,466
810,456
674,453
581,433
560,406
262,36
321,100
374,35
214,99
197,80
151,79
142,102
323,129
154,257
435,251
183,425
227,427
204,496
547,515
514,518
connections:
1,2
1,18
1,17
1,28
1,19
2,3
2,16
3,4
5,4
6,4
7,4
8,4
9,4
10,4
12,4
12,11
12,10
12,9
12,8
12,7
12,6
12,5
12,13
3,13
14,13
15,13
14,29
15,29
30,29
30,31
15,23
22,23
22,24
25,24
25,26
27,22
27,24
27,25
27,21
27,31
29,13
16,31
16,27
32,27
32,16
32,17
32,18
19,20
33,34
35,34
35,36
37,38
39,38
43,44
45,44
45,46
44,47
41,42
49,42
48,42
48,47
48,44
48,45
42,45
48,49
67,49
67,50
49,50
52,50
51,50
53,50
54,50
55,50
56,50
56,57
56,58
56,59
56,60
56,61
60,61
62,61
63,61
63,62
63,64
63,65
63,66
49,47
56,55
56,54
56,53
68,69
75,69
75,76
75,83
75,82
76,81
80,81
80,74
76,74
70,71
72,71
72,73
69,71
69,72
69,74
71,74
84,74
85,74
86,74
87,74
88,74
76,97
76,96
76,95
76,94
76,92
76,93
76,82
76,83
71,84
71,85
71,86
71,87
71,88
72,74
74,83
74,82
80,84
80,85
80,86
80,87
76,98
75,98
75,74
81,97
81,96
81,95
81,94
81,92
81,93
77,99
93,99
92,99
81,99
77,81
77,78
79,78
79,100
91,100
89,100
90,100
80,88
78,100
88,100
80,100
80,89
80,90
80,91
81,91
81,100
81,78
99,78
91,78
101,102
103,102
103,104
105,106
107,106
109,106
103,106
102,106
102,108
103,108
107,108
109,108
109,110
109,111
112,113
114,113
115,113
112,115
116,115
117,115
14,39
20,33
37,60
36,43
62,77
46,70
28,40
40,41
73,101
79,112
41,68
68,105
2,17
2,18
118,119
121,119
120,121
122,121
122,123
119,122
119,138
119,142
121,138
127,138
128,138
139,138
127,121
128,121
129,121
139,129
139,128
139,127
142,141
136,141
131,141
132,141
133,141
134,141
135,141
140,141
140,130
140,131
140,132
140,133
140,134
140,135
140,137
141,137
140,139
124,125
125,126
124,140
125,140
125,143
126,143
140,143
139,143
141,138
142,121
142,122
143,129
141,130
105,118
104,120
114,124
144,145
147,148
146,147
148,149
145,170
145,171
145,165
145,147
145,148
147,171
147,165
148,165
148,170
147,170
164,171
169,171
169,167
169,168
166,168
166,167
150,151
152,151
150,153
154,153
155,153
156,153
151,153
151,166
152,166
151,162
153,162
170,163
166,157
166,158
166,159
166,160
167,160
167,159
167,158
167,157
170,161
168,170
169,164
150,173
161,173
162,173
151,161
166,172
168,172
151,172
161,172
162,172
173,172
162,168
173,153
172,163
168,163
174,175
176,177
178,177
178,179
175,204
175,202
175,177
175,178
177,204
177,202
177,183
177,184
177,185
177,186
177,187
177,199
177,198
177,197
177,197
178,204
178,202
201,202
183,202
184,202
185,202
186,202
187,202
203,202
197,202
198,202
199,202
203,197
203,198
203,199
203,183
203,184
203,185
203,187
203,186
203,205
203,188
203,200
201,200
201,194
201,189
201,190
201,191
201,192
201,193
201,196
201,195
201,204
200,189
200,190
200,191
200,192
200,193
200,194
200,196
200,195
200,181
180,181
181,182
182,205
205,188
205,187
181,205
180,200
206,207
208,209
210,209
210,211
207,236
207,234
207,209
207,210
207,215
209,215
209,236
209,234
209,229
234,210
229,210
236,210
236,233
236,228
236,234
236,229
236,228
236,228
234,233
234,228
234,229
234,215
234,216
234,217
234,218
234,219
234,235
235,219
235,218
235,217
235,216
235,215
235,230
235,220
235,231
235,237
235,232
212,213
214,213
214,237
213,237
213,232
212,232
237,231
237,220
237,230
237,219
237,218
213,231
214,231
213,223
232,222
232,221
232,223
232,224
232,225
232,226
232,233
227,233
222,233
223,233
224,233
225,233
226,233
228,233
229,233
232,231
238,239
240,241
257,241
242,241
239,241
257,258
256,258
256,255
239,242
243,242
253,243
252,243
251,243
255,243
254,243
244,245
246,245
244,247
245,247
248,247
249,247
250,247
245,251
252,251
253,251
254,251
255,251
126,150
118,144
123,146
152,180
149,176
144,174
182,212
179,208
174,206
214,244
211,240
206,238
2,27
1,27
1,32
1,24
1,25
1,31
13,30